2.215919798046031630e+01
1.999835728613943786e+01
2.497434434128998504e+01
2.356031711195664258e+01
2.843065851543854805e+01
1.945294403170216313e+01
1.702452095347812389e+01
2.100200753802603515e+01
1.941658031623288494e+01
1.853672663045645663e+01
6.026491194186525746e+01
2.551210097618724859e+01
5.988405566506825295e+01
2.582055009666850509e+01
2.224875436220545311e+01
5.972090686326949793e+01
2.599692532736218453e+01
2.234677482394864612e+01
2.181456275109336929e+01
2.194442989029753477e+01
2.003986390535823148e+01
2.060710554599494770e+01
2.012522245933164555e+01
2.100717987337714732e+01
2.137748244401046804e+01
2.252384186960711077e+01
2.017038025081244257e+01
2.266787398657286090e+01
2.086742969927699676e+01
6.473310226120618438e+01
2.667817661128324147e+01
2.261136756372129852e+01
2.321733365216910272e+01
2.547607068794059870e+01
2.289457832462532849e+01
2.139829083593762249e+01
2.031275916675927462e+01
1.965052002782158524e+01
3.154558727752075598e+01
4.848322165953423735e+01
4.550436661451078635e+01
6.643397784540572104e+01
3.504435759809663864e+01
2.328020775133444431e+01
2.183265325056077089e+01
2.069020457683672376e+01
2.478606398103356057e+01
2.192845944358922949e+01
2.130032417077634577e+01
2.294240589766067018e+01
6.628245788526172078e+01
3.322009531047304876e+01
2.424127104245048514e+01
2.438153211972372603e+01
2.168936051098352635e+01
2.363468090117539688e+01
1.784559137058561618e+01
1.749229506197046646e+01
1.862688705657044252e+01
1.797955653466509318e+01
1.827844750103430016e+01
2.880124534302629513e+01
1.830912080989086732e+01
1.900282743063504398e+01
1.940128592102361083e+01
1.957501793087862296e+01
9.136914896034622302e+01
1.831836572790992790e+01
1.764870384450913221e+01
1.663113828242797609e+01
1.919864082056119869e+01
1.636640746964226878e+01
1.711080214946225553e+01
1.627198024052233194e+01
1.648051276136866505e+01
1.715613531438125250e+01
1.996666983399193995e+01
2.037335669943534100e+01
1.921638502553587102e+01
2.159422004464092026e+01
2.072646679463452202e+01
2.213264406341379953e+01
2.705730328046279354e+01
1.949750666218326600e+01
1.928526445976833159e+01
1.848808529305972215e+01
1.897188548578564138e+01
1.978026926218916515e+01
1.826510649867833180e+01
1.929090754918928852e+01
1.824812170549224888e+01
7.057415726006958323e+01
4.419661754687639643e+01
2.396470551150005335e+01
2.151234719224062530e+01
1.960498059249092151e+01
2.109787944874692656e+01
1.957335675726145752e+01
1.889410694465122376e+01
1.804246509838262469e+01
1.785765536691295807e+01
1.961235170431275066e+01
6.087314335688451195e+01
2.851570744448854455e+01
1.810138928704743222e+01
1.974991188507630824e+01
1.872318119585769480e+01
9.607493310919258533e+01
1.886561451123242250e+01
1.939715707338603323e+01
2.097755583701288273e+01
1.994167140979622843e+01
2.182908842024736984e+01
1.870289133314201990e+01
1.853135764342285086e+01
1.899907091932840686e+01
1.977198222434932973e+01
1.891886137554779879e+01
1.861690485278485951e+01
1.956296860415958960e+01
1.896546558750486966e+01
1.875047753976342335e+01
1.892106743475922315e+01
2.937705172152398703e+01
1.785308353460715836e+01
1.864026299473418291e+01
1.905548741618785158e+01
6.910964423079958863e+01
3.997266606143779910e+01
2.211236044298578562e+01
2.190625747142140511e+01
2.235783009309360025e+01
2.073304275127818386e+01
1.821281077264973902e+01
1.626183976008687893e+01
1.791237672455669738e+01
1.659416883272843535e+01
1.912278743855977581e+01
1.904948028488514211e+01
1.687379349973881659e+01
1.790947612839775616e+01
2.517327722995221251e+01
1.854149946912146518e+01
1.989071211338215406e+01
1.914123973127635026e+01
1.803197719808060384e+01
2.363722619278441073e+01
1.631852501080572182e+01
1.695221432526269822e+01
1.768246031779293759e+01
1.668602142663527133e+01
1.709136978878941804e+01
1.742724648894991191e+01
1.852618062787679420e+01
1.701035593322928818e+01
7.616775548075166569e+01
2.675277007590556977e+01
2.315703518488157187e+01
2.356147037952752044e+01
2.110377880237716752e+01
2.020090765515964293e+01
4.472767652795558035e+01
2.162626185217016328e+01
2.046008925112704802e+01
1.967822854222474049e+01
2.011085558383441807e+01
1.927650075908050553e+01
1.949199578967745339e+01
2.189428425379368548e+01
2.261635844652314375e+01
1.781100154378198042e+01
1.940703855474874828e+01
2.569267553699348383e+01
2.522024083651889725e+01
6.537912765483019939e+01
2.697983795790058181e+01
2.665509501913784973e+01
2.476570620978454329e+01
2.044017216931375103e+01
2.069114045835610582e+01
2.605210424268798874e+01
2.145952598765184050e+01
2.091674465139448813e+01
1.826724437914584342e+01
1.897435535959143138e+01
3.705218177135201785e+01
1.781372536959220554e+01
1.852959713809810793e+01
1.855226611438083850e+01
1.875883447926247882e+01
1.903847008733862012e+01
1.961913835097627867e+01
2.045652977832013164e+01
2.140165703551934229e+01
1.867824717098955034e+01
2.490853749172613973e+01
2.100912004074610451e+01
6.550195335311386202e+01
3.528125553223191702e+01
2.658878256901271442e+01
2.037460902733400303e+01
1.955725646989211697e+01
1.973007227836624722e+01
1.946654562182948922e+01
2.054400195553275665e+01
1.845034678471677836e+01
1.930739652796870942e+01
1.851951352836032427e+01
5.545190620446165042e+01
2.026750723016552769e+01
1.955852224055664124e+01
1.825371942008901627e+01
1.784768474384055281e+01
1.948132033002299579e+01
1.857175881833594744e+01
1.859067997032222408e+01
2.900639675678421980e+01
2.153471336249386070e+01
2.135335137793808258e+01
1.968022202881387628e+01
2.756382994698651956e+01
2.084954774669105504e+01
1.963198776969111492e+01
1.934982987612502825e+01
1.934522843741136455e+01
1.888788003823948713e+01
2.085436104979918426e+01
2.052754419848586309e+01
1.962367016769087513e+01
2.041014972789045956e+01
1.949173780403897993e+01
2.317287716069496639e+01
1.879604655017062953e+01
2.016361782003459169e+01
1.958699902346479860e+01
5.816580631092730158e+01
3.888079035214756374e+01
2.326176995705851169e+01
2.005300822152491946e+01
2.015268853902553658e+01
1.961055948454604803e+01
1.946671981362606019e+01
3.167694946415319990e+01
2.400205672924799316e+01
2.405591684667241026e+01
2.272122982127882551e+01
2.521660028708581081e+01
1.918226501023084651e+01
2.047741395064707959e+01
1.965228183774795312e+01
1.885257760337242416e+01
2.051238218812923009e+01
1.988990124813905425e+01
2.061865230611893551e+01
1.985956509186259566e+01
1.904846097795255488e+01
1.947485907208199052e+01
2.530201691640523975e+01
2.019043899266736375e+01
2.092299795333041956e+01
1.827899463301903538e+01
2.037941490198979722e+01
1.900803589496583967e+01
1.895829490876657886e+01
1.944559759481742844e+01
1.929858357547783498e+01
2.063194849387379293e+01
2.011166501915380067e+01
2.132752582542978104e+01
1.988719713123897037e+01
2.164560817118268687e+01
2.068608949198025826e+01
2.076278995076381761e+01
2.219183923325496366e+01
2.057574575234214720e+01
2.230223061918957583e+01
6.153242306455688038e+01
2.147157967771416054e+01
2.354170627011318828e+01
2.973887330626835634e+01
2.326770248750799652e+01
2.158810512802556758e+01
2.105579025195607556e+01
2.090942414663682314e+01
2.056178235187162784e+01
2.284838632795510094e+01
1.977632203868245142e+01
1.881345104693264503e+01
1.772268365753676633e+01
1.746964403172478697e+01
1.886138977343282974e+01
1.763568554570668567e+01
1.983491956148630564e+01
1.970489966968443696e+01
1.791984046225485727e+01
2.120802696830476819e+01
1.906293867610098403e+01
1.872162437916218636e+01
1.828753762376996761e+01
1.890440963578495470e+01
1.848413906186623734e+01
1.800317559730673977e+01
1.834439845765618315e+01
1.890606440424355483e+01
1.914159121678451569e+01
1.972388979845561607e+01
1.933102598302734876e+01
1.822137844923890171e+01
1.818463879665231175e+01
1.682501383273078943e+01
1.686650344967834059e+01
1.663313098044344329e+01
1.885791035689632267e+01
1.711809862299389096e+01
1.655845145418957642e+01
1.937092753609860196e+01
1.710736840310677209e+01
1.777149426599539694e+01
1.857938111502415168e+01
1.700661133512631196e+01
1.720091986119014393e+01
1.858669734087039416e+01
1.683044007170953904e+01
2.354517396177932298e+01
5.617641062807762609e+01
2.570383798822305366e+01
2.090019413214267630e+01
5.968839913560661614e+01
2.773909908173652639e+01
2.349472911494421012e+01
3.119916706938520434e+01
2.522427185393065585e+01
2.456286069057468779e+01
2.291182428039193653e+01
2.226485980998387149e+01
2.345040364494003171e+01
2.210466921653956973e+01
2.108384140300474741e+01
2.069521351846622537e+01
2.062037121267062290e+01
2.108241604594457996e+01
2.132914525574817333e+01
2.039198034152650507e+01
5.406402797968635099e+01
6.245737971518138920e+01
2.379090192233254442e+01
2.259415888397293060e+01
2.154821536975475027e+01
2.040120571609341127e+01
2.872371261075745252e+01
1.945768783789087664e+01
3.004967867431971484e+01
2.117574591619341717e+01
2.054789191882219512e+01
2.341076639182813324e+01
2.886705198567249653e+01
2.060913844931672045e+01
2.662040683223103699e+01
2.513366693535662577e+01
2.477266446030848712e+01
2.243697901619938406e+01
2.545097539613637494e+01
6.442481741749557500e+01
2.637658395029212599e+01
2.142453709849087318e+01
2.226818772428533677e+01
2.185890104651742405e+01
1.980277243537604548e+01
2.114892473388637129e+01
1.928189734897405572e+01
2.081657655950182217e+01
2.043935519427105518e+01
2.112658214020735059e+01
2.395575732651114365e+01
2.191146940232606610e+01
2.042651267291067185e+01
2.143810218357372221e+01
2.518578888711567743e+01
1.931172516893453306e+01
2.025214528914335332e+01
2.208337817531065994e+01
1.863606583857997023e+01
1.908303059070059504e+01
5.386594089420512432e+01
2.195124452909355028e+01
2.132721476280500994e+01
1.752807930201887743e+01
1.765406399661344494e+01
1.819084501363296624e+01
1.946067850704368496e+01
1.927305209480545045e+01
1.835321256868890671e+01
1.810859829681408684e+01
8.367972369498332341e+01
6.730344652942375205e+01
3.665886433867429162e+01
2.955408235322659394e+01
2.428915726521943697e+01
2.508752890923870993e+01
2.083463937066126803e+01
6.194005294588374966e+01
3.861803117009343822e+01
3.205290256229674384e+01
2.163817675579858246e+01
2.027496830934568806e+01
1.831823743177989883e+01
2.044970969250349313e+01
2.268745294911416011e+01
2.571056863068452714e+01
1.821410021072881591e+01
1.777942747328329531e+01
1.820101836773184800e+01
5.098443490866182515e+01
1.905201647917613883e+01
2.023886931242471476e+01
2.035199092563348700e+01
1.907197236421135500e+01
1.917175454128822665e+01
1.844304999447428983e+01
6.020250798005655213e+01
2.228746307924005876e+01
2.684484059691235558e+01
1.946384599131937421e+01
1.776184634195732315e+01
1.845971798260113061e+01
1.769000022897132851e+01
1.998198023232654208e+01
1.930995788916428069e+01
1.923102509335584642e+01
1.911344847195961805e+01
1.838957250032637347e+01
1.908651536992311648e+01
1.868954617646488714e+01
2.010766374067205220e+01
2.215602816827282595e+01
1.820964572713293705e+01
3.393358442323295776e+01
3.040438445783036414e+01
1.829852894108637429e+01
2.023812040571038295e+01
5.641314984276097277e+01
3.514856621516166513e+01
2.644072001238494352e+01
2.116835383264355031e+01
1.832780996213223190e+01
1.749774532669274407e+01
1.731847616499573661e+01
1.764873394103969773e+01
2.359232588449876289e+01
1.648497219385181012e+01
1.637073909387945037e+01
5.932792481609415347e+01
1.830974263623782150e+01
1.866368505461592875e+01
1.806296468316135062e+01
2.383142200435132807e+01
2.062871686142170802e+01
2.158624050720124288e+01
2.065167425233566334e+01
1.963521046952899951e+01
2.389447027011016544e+01
1.731786256240745203e+01
6.663501896373018951e+01
2.540152802246564079e+01
2.400524270557531992e+01
1.780094655615594945e+01
1.748934515218240193e+01
1.668165883138776451e+01
1.779726127162737370e+01
1.589967260596547938e+01
1.739109786897266829e+01
1.665426034400227806e+01
2.261155420099882463e+01
7.760923323545645758e+01
1.852442163935441144e+01
2.717935411721710537e+01
2.114428455757087377e+01
1.684367086541091396e+01
1.736788796037295057e+01
1.797451142024954507e+01
1.818267142152838289e+01
1.798531689617161078e+01
1.898703516188311013e+01
1.960893602956778636e+01
1.872437892725130482e+01
1.712777704208951235e+01
2.014098025665775538e+01
2.308939251393539394e+01
2.930779007739789321e+01
6.592782014900943466e+01
3.950965051825451724e+01
2.601316037726078179e+01
2.004147207854504487e+01
2.059423140063966784e+01
2.262336264738014791e+01
2.143733162253333546e+01
1.961222108950609311e+01
1.834590218664926198e+01
1.846862984612094039e+01
1.935739487075935017e+01
7.810684024304478612e+01
2.201701500352880814e+01
2.060800900976880001e+01
2.065944327396838176e+01
2.004764765308599905e+01
2.089599576778485357e+01
1.837438405137229935e+01
1.931442597105426984e+01
2.383470877315396308e+01
2.035801599349333202e+01
1.873837001752157150e+01
1.943123110838764589e+01
2.088553080000875894e+01
2.413329180939859597e+01
2.170944740820394259e+01
2.601666644174597920e+01
1.872861568093325957e+01
1.861499242835514778e+01
3.442119889596045113e+01
1.837736747003797433e+01
2.995786948631208091e+01
1.885530147998032291e+01
1.810617653727090470e+01
1.778978503255443755e+01
1.920778929384067268e+01
5.324266338634681972e+01
2.626938492727656538e+01
2.477925947963947095e+01
2.055241284076382158e+01
1.857919915933085520e+01
1.909912210343135897e+01
2.015678749383467760e+01
1.891651627453238049e+01
1.875836436759796655e+01
1.904584961639796958e+01
2.689924164133120144e+01
6.918003054487208203e+01
3.346617371197138624e+01
2.524794112255194989e+01
2.060700493622316287e+01
2.161625267909443693e+01
2.286990698748328299e+01
1.867736026749412659e+01
1.698658505227855287e+01
1.756542976179651916e+01
2.229201105208762002e+01
4.384800213360239951e+01
6.836638270387125260e+01
2.025392136351879913e+01
1.953026061015414783e+01
1.948077528560540372e+01
1.942790095543502815e+01
1.820058636556207077e+01
2.724747161457940692e+01
2.051490704662816000e+01
2.212146564071350596e+01
2.050702662162725431e+01
6.499057057367132018e+01
3.662466315541342254e+01
2.423290960552407824e+01
2.189339975802786498e+01
1.791337062980833750e+01
1.950551031769419907e+01
2.042473322686654313e+01
1.838457150225491432e+01
1.703585484934332683e+01
1.750610618231089788e+01
1.721510813208452362e+01
6.070117962361177177e+01
3.080254719064707203e+01
1.827982805092352336e+01
2.125476709754888560e+01
1.961080949318415634e+01
5.752980358493269364e+01
2.155488216555958303e+01
2.134536138918507930e+01
2.206594366161387910e+01
2.161840987595488883e+01
2.623913553552353406e+01
7.681505064051457055e+01
2.724191227822643313e+01
3.080921749247301733e+01
2.458243668543795124e+01
2.657304068995356161e+01
2.667052069541586334e+01
2.449275782695665882e+01
2.451137264755177014e+01
2.523773695282833884e+01
2.567310443520695884e+01
2.441961084428423234e+01
8.196456289417233165e+01
2.650353583497919985e+01
3.694756140367722708e+01
2.393654685731183562e+01
2.504381181666252587e+01
3.372736981254233513e+01
2.475572013506344504e+01
4.065317544841570196e+01
2.352046879103894028e+01
2.149838455829447526e+01
5.109341943705025102e+01
3.846531808442220068e+01
2.197831738894673492e+01
2.238218244482504460e+01
2.133369633720813852e+01
1.993256481038462979e+01
2.149044697808269433e+01
2.136975498504619253e+01
1.928699237043030479e+01
2.130117337218684881e+01
1.976821730403785793e+01
8.425598427108467092e+01
3.246605425995964822e+01
2.259820726567036786e+01
2.293856351913652603e+01
3.369439794300640045e+01
2.072515171746354667e+01
1.965917564567858022e+01
2.106542042548731075e+01
2.001643539021652529e+01
2.061388505104393687e+01
1.994712123986623808e+01
5.075324234773771792e+01
2.010585874361808223e+01
1.899281007463573800e+01
2.032148086498100525e+01
1.875727916782490112e+01
1.777444014335072353e+01
1.702135417008793539e+01
1.968111316133034450e+01
1.711544665945856281e+01
1.716178098737317015e+01
6.385638184353059899e+01
1.768309750181332163e+01
1.987804699939912112e+01
2.190788914337372262e+01
2.471634765780305898e+01
1.984760026561492197e+01
1.952432680715205038e+01
1.895062030037517076e+01
2.039032936268689511e+01
1.811288942715609451e+01
1.829392313128294845e+01
1.779171973151299113e+01
1.922809323380511515e+01
1.838579710512727772e+01
1.731956642260458423e+01
1.809885376253513556e+01
1.750210456483165089e+01
1.887947070424618090e+01
1.704547536084757908e+01
1.754103178345195246e+01
1.591133666821137282e+01
1.691471672727340803e+01
1.798067073654813441e+01
3.626409239919907179e+01
1.890214782170611585e+01
1.823970643761322918e+01
1.712496948870645852e+01
1.996968785493482201e+01
1.745811952825456359e+01
1.705804001803716474e+01
1.866942435345146123e+01
1.724464021623570176e+01
1.737315748434149043e+01
1.845978460008779720e+01
1.724494786240522615e+01
1.668186479740721140e+01
1.823763733159395883e+01
1.710215848630589619e+01
1.722713428745568720e+01
1.624652455841414422e+01
1.684625315037157378e+01
1.761181477559128439e+01
1.723175935839982387e+01
1.719394140972569573e+01
1.872299674302325911e+01
1.587444872941842355e+01
1.650184672047803858e+01
1.831308360819682690e+01
1.676367075005586926e+01
1.744317790891355813e+01
1.807945226946954165e+01
1.698994234855444674e+01
1.682025865893479732e+01
1.710806312363096282e+01
1.637248944546576368e+01
1.870374104995390852e+01
1.748994425945853592e+01
1.677101182807373903e+01
1.765032193833443230e+01
1.655146242608791241e+01
1.603225794642004232e+01
1.845635558467519033e+01
1.711793954832677755e+01
5.364343954309102003e+01
2.429170451062229930e+01
5.510079277515291096e+01
2.700103004323883482e+01
2.136599005539598295e+01
1.997346484752315021e+01
1.836833781116484232e+01
1.614114295470702842e+01
2.132945091236550539e+01
1.681100464614080892e+01
1.599970555764226532e+01
1.614039298552002322e+01
1.817247084087626519e+01
1.717397924041399193e+01
1.745134853696304944e+01
1.743929199032568889e+01
1.592834680153787019e+01
2.251446006551093149e+01
8.922159034586979942e+01
2.658238831499105359e+01
6.370621944373813506e+01
2.437104927360794804e+01
1.706450888942990929e+01
2.099348164366167779e+01
1.655705898551554611e+01
1.719469199170492502e+01
1.861514514630084349e+01
1.981558055928479689e+01
1.021478993743506152e+02
4.364676219741392060e+01
2.106435196180043690e+01
1.844121062769837138e+01
1.708922233161084492e+01
1.723598916558327332e+01
2.052347637610960263e+01
1.688001463450429185e+01
1.754101033677893184e+01
1.846682575867843212e+01
1.763917660874560767e+01
7.212313554828384099e+01
2.707707446972196408e+01
1.932518608961225226e+01
2.288902106465725694e+01
2.270183386673705428e+01
2.572024025723898077e+01
1.948973702981758294e+01
1.751402858392997430e+01
1.766970283482559978e+01
1.999671883944982653e+01
1.745486557815784678e+01
7.088927660919853224e+01
2.733279433964762362e+01
1.861450887197239368e+01
1.819368690771040420e+01
2.216121606881248951e+01
1.785554045811423052e+01
1.777968483889139151e+01
1.885876109967211534e+01
1.884865559604203256e+01
1.958970271264600527e+01
6.359984104019436302e+01
8.264504927886643770e+01
2.819999489301902429e+01
2.267897165977797158e+01
2.143532676844768048e+01
5.305804851286938373e+01
2.278263681183172551e+01
2.467789915807673395e+01
2.370311275935954143e+01
2.445369392546196963e+01
2.422770300400314625e+01
2.431653848162999410e+01
7.964355301778832086e+01
2.935369032436182479e+01
2.187162037401988712e+01
2.594768660644046321e+01
2.579331197246223084e+01
2.368177410343578515e+01
9.106996287662688871e+01
4.016437623231441023e+01
8.086053095763830356e+01
4.330218853859911121e+01
4.374963197571551632e+01
1.143190381764156882e+02
5.477591831640479114e+01
3.163260554163583294e+01
3.191274885154497198e+01
3.614839908047247263e+01
3.258088439099851996e+01
3.454403195586765207e+01
2.974849220278639095e+01
3.033185860001996303e+01
2.943075238423828566e+01
3.118336876523071055e+01
3.329952667813226697e+01
3.482912035171525389e+01
3.104144962810394759e+01
3.087802679633046310e+01
3.250875348243281593e+01
3.590435021252466186e+01
8.477423897931444685e+01
4.659468497907723616e+01
4.131434262142657587e+01
5.427882097186913768e+01
3.570652916427696510e+01
3.325939000627160880e+01
3.459283765082941642e+01
3.371712143767324932e+01
3.229717267994494989e+01
3.217659519336920226e+01
3.525788982331182098e+01
3.064178376022670847e+01
3.168673425730537829e+01
2.815470554095693956e+01
2.793535718991322270e+01
2.848134554761172765e+01
3.195513986941210050e+01
2.974232905016161865e+01
2.814028596560850204e+01
2.860085256477673710e+01
2.684516343458952292e+01
2.927690270898456149e+01
3.348462760536314420e+01
2.836759850966542729e+01
3.024835601756945636e+01
3.014928424617162150e+01
2.961275812572382193e+01
2.921487733029192313e+01
2.713689749671969764e+01
2.995154084947016315e+01
2.898201204076034543e+01
2.751445636144384466e+01
2.888681384817442321e+01
2.816510326896499450e+01
2.670655946525078761e+01
2.941078834259123553e+01
3.004696349860783400e+01
2.916851453518798110e+01
3.069150750697908947e+01
3.032504372132109438e+01
8.031275996648881232e+01
2.698679849940306852e+01
2.794354295019607903e+01
2.785542993844317294e+01
4.302460230441986511e+01
4.051565389562029651e+01
3.941262741950733073e+01
3.173672761426884037e+01
2.863335993830257209e+01
2.520082619230160859e+01
2.603878468146484693e+01
2.501298254253973141e+01
2.509805735128698956e+01
2.422950484395803628e+01
6.665786410297475584e+01
3.394469571918299522e+01
2.797215664036878380e+01
2.342855959369277130e+01
2.520696767865467436e+01
2.406852504932193071e+01
2.644591378402325788e+01
2.814169104766620677e+01
2.522009499578692271e+01
5.533430042160649975e+01
2.463593845059912724e+01
7.838973214326001937e+01
2.803246075305651530e+01
2.462430346045785612e+01
2.565652172782795759e+01
2.624695362758375339e+01
2.451022036079977440e+01
2.567812952703463836e+01
3.490942274000769174e+01
2.680966379596449656e+01
2.765820112219022064e+01
7.105562376300353833e+01
5.893944950923352621e+01
2.516933260820831464e+01
2.420373277456200611e+01
2.453019733498061683e+01
2.515555405044995396e+01
2.441301882097307896e+01
2.414626764724147634e+01
2.392067595745390207e+01
2.446859404153023476e+01
2.411958089309543851e+01
7.965346158173568369e+01
2.739844702188777603e+01
2.309719281101666866e+01
2.593358838641185216e+01
2.260318057767674560e+01
2.353273995703880672e+01
2.352128432817754700e+01
2.332346988195187620e+01
2.358280325909193564e+01
2.522104987975671619e+01
2.429573576890629028e+01
1.056053204638174918e+02
2.727198282712134869e+01
2.465149706927311968e+01
1.071611912681535301e+02
3.026617428780069829e+01
2.535634345408044510e+01
2.556403654618579679e+01
2.599836443116880957e+01
2.651340503488860634e+01
3.612317062069082141e+01
1.062245053835519712e+02
4.519027692453994405e+01
2.446641396920651701e+01
2.483372997978181118e+01
2.422944218772911640e+01
2.287440204187126724e+01
2.380226678072308033e+01
2.271408686132267007e+01
2.258050550582315807e+01
2.270554333944107128e+01
2.350868763689082286e+01
8.549810422835048485e+01
2.275429594392851840e+01
2.269098151118706852e+01
2.304527782598963626e+01
2.373493283368559048e+01
4.602995798864051125e+01
2.840668655717907143e+01
2.020283040194252422e+01
2.547022786345983647e+01
2.065600480426575913e+01
2.162998561284255672e+01
2.139338475198331579e+01
2.012740721549073797e+01
2.131579109439800135e+01
2.073323394563350419e+01
1.940021351346861422e+01
1.994525255194092850e+01
2.156378593855474790e+01
1.970003466157406535e+01
2.010058608431914351e+01
1.973537521775289250e+01
1.914526341996854697e+01
1.933945115216754829e+01
1.948022494618004785e+01
2.107888994470810218e+01
2.055561669163486016e+01
1.935412620739368705e+01
1.896230910983948803e+01
2.107188685535609451e+01
2.008344045625782925e+01
2.108993620638670663e+01
1.901683615154405871e+01
1.890797900787404728e+01
2.002210203801750055e+01
1.985817758544870415e+01
1.989920202195973786e+01
2.117677575073947338e+01
1.930416016717397909e+01
1.888509626213703285e+01
2.044102989600129661e+01
1.857683349959648567e+01
1.944046667263780748e+01
9.551394907495587461e+01
2.195298625643366819e+01
2.091109455546453333e+01
2.026337207095388493e+01
2.008388572579972475e+01
1.992464155330344866e+01
2.024536854464983904e+01
1.924661024790646735e+01
2.048153299721962028e+01
2.254092947708386774e+01
1.886054885759523714e+01
1.960371782035908694e+01
1.906999533092606214e+01
1.938812615719278298e+01
2.163701881347789069e+01
1.857833332920499814e+01
1.860137944550817224e+01
1.840329790363464824e+01
1.801542277392686842e+01
1.931739201464120370e+01
1.878388828958143719e+01
1.920430320317351303e+01
1.798085439114964501e+01
1.780259392036643007e+01
1.913000281380293188e+01
2.071876924242578966e+01
4.024564742433368281e+01
5.448209727281214043e+01
5.452044020843112548e+01
5.735738395788650479e+01
5.259426887122796757e+01
8.086438175939134965e+01
5.647438647536750977e+01
6.478750744730071176e+01
5.866451672535210804e+01
5.906640379313694211e+01
2.652114502130076445e+01
2.357101300071790462e+01
2.597576145562529959e+01
6.755075769642532180e+01
3.376164123780208115e+01
2.299730543695009644e+01
6.245817559807836972e+01
2.829021884892836880e+01
2.949367437016898563e+01
2.839525979835248393e+01
8.812264626415696966e+01
3.178552539188968140e+01
2.910894809337550981e+01
2.867135034464299537e+01
7.564469435530749308e+01
6.765929908060401488e+01
3.492662683174331306e+01
3.021804585864376946e+01
3.067807824790680371e+01
3.132055987162185673e+01
4.254471985137052314e+01
4.123739348143831762e+01
3.027341944704678411e+01
4.752545833327150859e+01
1.048645486164911773e+02
4.490262057440628496e+01
3.286268573088221245e+01
3.304308893525029589e+01
3.317873031762092495e+01
3.288313099914515902e+01
3.542129338948947748e+01
4.607415794957568522e+01
3.757988307368542991e+01
1.399086720992703249e+03
4.481578579036050769e+02
4.524164201219684287e+02
4.513887919932550972e+02
4.535632944956035999e+02
1.687388195599025266e+03
7.351847041581635267e+01
7.038743660265970448e+01
6.023959419040214414e+01
6.341158884955410002e+01
6.759607210680991329e+01
6.872576527388211787e+01
6.954426681441587732e+01
7.073486276118623550e+01
1.054841064156278776e+02
8.075430789599163006e+01
7.863582576780548550e+01
2.317567913864694447e+02
5.033721938005648866e+01
8.706491432070252756e+01
6.719078776190688984e+01
5.281526128941333553e+01
6.189873250807502814e+01
7.617197710740960304e+01
7.489027967832178945e+01
8.417436680643251634e+01
8.014293925681977271e+01
8.318686494266657405e+01
7.914655684412106496e+01
8.186981539499784333e+01
8.685911004235705946e+01
8.417395981576554220e+01
7.953764335781544048e+01
8.044006418754702281e+01
1.231562931216027437e+02
1.192947065531930377e+02
1.185369256191013960e+02
1.483290528290605721e+02
1.298947868353203887e+02
1.096960896966748606e+02
4.236050937517620696e+01
3.525666594348984262e+01
3.956287301193779626e+01
3.711309322174601988e+01
5.531168116221315501e+01
5.208127894812926684e+01
3.894081592506135081e+01
3.693262193529224646e+01
3.407556097106847659e+01
4.646383791695571830e+01
4.497929245096334938e+01
8.998967746185350336e+01
4.497244400136781906e+01
4.921740240201579297e+01
4.033414040210156770e+01
4.248940471989048007e+01
3.692022803358588590e+01
4.202833513372387841e+01
3.681875401723622332e+01
3.608404979173998584e+01
3.878555881736490107e+01
3.707573955345901595e+01
3.936953661277642880e+01
3.600281295503387469e+01
3.667064186024111194e+01
3.535125377673285385e+01
3.636477520394260665e+01
4.040076714399856428e+01
3.364305892010472832e+01
3.376889476749059327e+01
3.444528334138555437e+01
3.528649346297920175e+01
3.852363838801982610e+01
3.568534185037555062e+01
3.739300568324929941e+01
3.576538866650509618e+01
3.549881404747110736e+01
3.591493869737337263e+01
4.018074955236996715e+01
3.548029447229201594e+01
3.512966026717612067e+01
3.564081473951932821e+01
3.665633800756005911e+01
3.587809082495381574e+01
3.759221673399493824e+01
3.703547337091182357e+01
3.959112589863845955e+01
3.655991023156079223e+01
3.543309878858112683e+01
3.801189476177692228e+01
3.895962810271053200e+01
3.986454936040946251e+01
4.094883872905923994e+01
3.847015132057650533e+01
3.673570729274902646e+01
3.568111951987917507e+01
3.672351125399107730e+01
3.562598745208315876e+01
4.534783673285199512e+01
4.277923675606723464e+01
3.934386468680518334e+01
3.888290653712458322e+01
3.673880291392818265e+01
3.777895537404021553e+01
4.100950563027743812e+01
4.592063335718078321e+01
3.517068120058207370e+01
3.665615276396842859e+01
3.754607483454886108e+01
3.570368465135449298e+01
4.122533512294097591e+01
7.287669509229820619e+01
3.607997898484323684e+01
3.784573140630195809e+01
3.379295525381670728e+01
3.294038454591991893e+01
7.791011823907001599e+01
3.310995252927598642e+01
3.194667115463131424e+01
3.348893242140706406e+01
3.284541943210130199e+01
3.392961575487438353e+01
3.260620024637560732e+01
3.194847253959025579e+01
3.261788455183587132e+01
3.274778746811494301e+01
3.445439351777659454e+01
5.633580867736837661e+01
3.099899940528774778e+01
3.244191700913403054e+01
2.925090631431583077e+01
2.853118597604280282e+01
2.514208530706064337e+01
2.492670665994626589e+01
2.486530006683911509e+01
2.707053773980662470e+01
2.649569780746374192e+01
2.530009427011940204e+01
2.629277552169461529e+01
2.515269870525439444e+01
2.566631206405027044e+01
2.603336396758786009e+01
2.562428602444703074e+01
2.580336405420088042e+01
2.419431363407811020e+01
2.574928208802560903e+01
2.518149138986670366e+01
2.431501819326798497e+01
2.407369375449171045e+01
2.554366164235834091e+01
2.512670838950431218e+01
2.454234850992315131e+01
4.865052132787622696e+01
3.595840422384898005e+01
3.750338164010808839e+01
3.146641580290484086e+01
1.136616141010610050e+02
2.973234763145535453e+01
3.056422354113901818e+01
2.940563217483045122e+01
3.408116884424548942e+01
3.489715960585100873e+01
3.244397792815256309e+01
3.297790733599948254e+01
3.528572836939920876e+01
1.749892581709474015e+01
2.044205771740944755e+01
1.989666282995465707e+01
1.842908820719913265e+01
1.801676905744778523e+01
1.889802489348117831e+01
6.568341879130549898e+01
1.820964956655209832e+01
1.954295899141178339e+01
1.901287620154982250e+01
1.845080869749315511e+01
1.844591516472742754e+01
1.986555858234108740e+01
2.175447098100380927e+01
1.987603022548575993e+01
2.148332351571733057e+01
1.890031166612647340e+01
1.896666782612090429e+01
1.900671694649593491e+01
1.995216046634067553e+01
2.316282132666570348e+01
2.091967825138064541e+01
2.024877547610813266e+01
1.887918321973642577e+01
1.906094349193084625e+01
2.095735778869698507e+01
1.994617484427383403e+01
1.867652013771560249e+01
2.052931376184704249e+01
1.912935066217536928e+01
6.185287374196576593e+01
2.088326838097235338e+01
5.713439031746194274e+01
2.348140607676636193e+01
2.704287755147784722e+01
2.557701553794884930e+01
2.171934027849667359e+01
2.270971176652231449e+01
2.737653640216311501e+01
2.440903566886270326e+01
8.835519931970856078e+01
4.541536708519319632e+01
3.361702576331600767e+01
7.167577724364096525e+01
3.013682372772132467e+01
2.610635211222016494e+01
2.467967964176224172e+01
2.339343969732061268e+01
4.178284617970743398e+01
2.179766853099587465e+01
2.226207994206121654e+01
8.548028719654368501e+01
4.545421297119068527e+01
2.429010131147686025e+01
2.342607009011603125e+01
2.083991321229000278e+02
2.861680075602817510e+02
3.001970897887819660e+02
2.998767521862105809e+02
2.999498137195714094e+02
3.010888313507637122e+02
2.973121159102342972e+02
2.982157028012005071e+02
3.047157750668683320e+02
2.963099804623018940e+02
2.960209606622291290e+02
3.157447677717565284e+02
3.418839822910614430e+02
3.207311044253996357e+01
2.779560177583259062e+01
2.546993168547572139e+01
2.543189664763318092e+01
2.433460966307089279e+01
7.855309269069078937e+01
4.628347699386731051e+01
3.507207843144542636e+01
2.912742833816759003e+01
2.517979893628035981e+01
3.154715377104266238e+01
2.648462536339024354e+01
6.455115972094689880e+01
2.896401455541642989e+01
2.894767921717060943e+01
2.762544802167794700e+01
3.037974286509418320e+01
7.425828429568387890e+01
3.759175052438367715e+01
3.367701417201574543e+01
2.819587372803378855e+01
3.142907841945348935e+01
3.273862489003941079e+01
2.982399608642862177e+01
3.053657086673089793e+01
3.094238283756907393e+01
2.822156306098822753e+01
2.816802755539284320e+01
2.778875234072574685e+01
4.578177006319651099e+01
3.006999450898142356e+01
2.899436019933229502e+01
3.625482540952484811e+01
2.891089615426346171e+01
8.462921392646470053e+01
3.893743618858221822e+01
3.592955805312116979e+01
3.182162808086426509e+01
2.956983743747709426e+01
3.174014320032572201e+01
2.520824618622400237e+01
3.119162886692304326e+01
2.743865581495631289e+01
2.900835143286925444e+01
2.811189613417316480e+01
3.551329069150415307e+01
4.484621213668032169e+01
4.667445541488142169e+01
